1316663598893017070286188613625211029791738257161730843924487302184773555362423154455502878832174138142546874055323880109223711206247548
1987548541887814713275635056745258283079007615755295316394819148302741337740093451049387414017184161599535211753325984143178039963650451
77841583058691544056336117464476908969290762978672674124079300831200283854632058602081288222296439584271130734631073628718240334005195
459641274666345160491775115670487940186711166152871794356361293521634128700353577030134042396430181564132273350129753039559455619088312
2222634348491800708356620319003201553060802450151440340576198777100700029638682463404491793453763597043065669228140143547632099374745868
2013277531751618931855994821444121278312849089872231634605791921803646456678402085022698946187421383331498834727969691714700154421373900
2109130168192542525445367397494747519111880462038615665810249229989400188180103206172372628329768981927155370948435859957892531747719430
400257645357354770270306535084731557400291324964710180638498948783099161000189413431318070802607358664682714359026918919763147338428997
755853278029327967054387459161856800102002733222803642083627128082214142133666330870125762490669490772233782266570478736527984312205461
1169339793510755062832207976234145083902979934645745091014034771473611614013031397361250729211525961918612664354723476033889585895652630
